{
 "cells": [
  {
   "cell_type": "markdown",
   "id": "11636748",
   "metadata": {},
   "source": [
    "## MLFlow Model Serving - MLFlow 2.0.1"
   ]
  },
  {
   "cell_type": "markdown",
   "id": "95e71883",
   "metadata": {},
   "source": [
    "#### Topics Covered:\n",
    "\n",
    "* Conda Environment Creation\n",
    "* Model training important steps written as python function\n",
    "* Train basic classifier and log it as a experiment\n",
    "\n",
    "\n",
    "* Different methods to register ML model in MLFlow Registry\n",
    "* Transition Model stage : None(default), Staging, Production or Archived\n",
    "* Load Model from MLflow Registry and do Prediction\n",
    "* Model Serving - Serving an ML Model from MLFlow Model Registry\n",
    "\n",
    "will see how to log various paramets, model metrics, model itself and other aertifacts like charts etc. \n",
    "\n",
    "**Explanation with live demo is also available at :**\n",
    "\n",
    "* **MLFlow Part 1: Experiment Tracking using MLFlow -  https://www.youtube.com/watch?v=r0do1KVEGqM**\n",
    "\n",
    "* **MLFlow Part 2: Model Serving from MLFlow Model Registry - URL you are watching**"
   ]
  },
  {
   "cell_type": "markdown",
   "id": "73f2e54f",
   "metadata": {},
   "source": [
    "<img src='mlflow.png'>"
   ]
  },
  {
   "cell_type": "markdown",
   "id": "b11e0550",
   "metadata": {},
   "source": [
    "### Create Conda environment\n",
    "\n",
    "1. `conda create -n envname python=3.9 ipykernel` \n",
    "it will create a conda env named envname and install python version 3.9 and a ipykernel inside this environment\n",
    "\n",
    "2. Activate the environment\n",
    "`conda activate envname`\n",
    "\n",
    "3. add newly created environment to the notebook as kernel\n",
    "`python -m ipykernel install --user --name=envname` \n",
    "\n",
    "4. install notebook inside the environment\n",
    "`pip install notebook`\n",
    "\n",
    "5. Now install all required dependencies to run this notebook\n",
    "\n",
    "* `pip install pandas`\n",
    "* `pip install numpy`\n",
    "* `pip install scikit-learn`\n",
    "* `pip install matplotlib`\n",
    "* `pip install mlflow`\n",
    "\n",
    "Now open the notebook using below command: (from the anaconda prompt inside conda environment)\n",
    "\n",
    "`jupyter notebook`\n"
   ]
  },
  {
   "cell_type": "code",
   "execution_count": 1,
   "id": "cfa8fea8",
   "metadata": {},
   "outputs": [
    {
     "name": "stdout",
     "output_type": "stream",
     "text": [
      "mlflow, version 2.1.1\n"
     ]
    }
   ],
   "source": [
    "!mlflow --version"
   ]
  },
  {
   "cell_type": "markdown",
   "id": "e42394d9",
   "metadata": {},
   "source": [
    "### Create functions for all the steps involved in complete model training lifecycle\n",
    "Note: Model creation is not the main purpose of this notebook so not everything related to data cleaning and preprocissing is present. Main idea is to understand how to track experiment using MLFlow."
   ]
  },
  {
   "cell_type": "code",
   "execution_count": 60,
   "id": "c8185d5b",
   "metadata": {},
   "outputs": [],
   "source": [
    "def load_data(url):\n",
    "    import pandas as pd\n",
    "    # Load dataset\n",
    "    data = pd.read_csv(filepath_or_buffer=url,sep=',',names=[\"sepal_length\", \"sepal_width\", \"petal_length\", \"petal_width\", \"class\"])\n",
    "    return data"
   ]
  },
  {
   "cell_type": "code",
   "execution_count": 61,
   "id": "75479a21",
   "metadata": {},
   "outputs": [],
   "source": [
    "def train_test_split(final_data,target_column):\n",
    "    from sklearn.model_selection import train_test_split\n",
    "    X = final_data.loc[:, final_data.columns != target_column]\n",
    "    y = final_data.loc[:, final_data.columns == target_column]\n",
    "    \n",
    "    X_train, X_test, y_train, y_test = train_test_split(X, y, test_size=0.3,stratify = y, random_state=47)\n",
    "    return X_train, X_test, y_train, y_test"
   ]
  },
  {
   "cell_type": "code",
   "execution_count": 62,
   "id": "5825d668",
   "metadata": {},
   "outputs": [],
   "source": [
    "def training_basic_classifier(X_train,y_train):\n",
    "    from sklearn.linear_model import LogisticRegression\n",
    "    classifier = LogisticRegression()\n",
    "    classifier.fit(X_train,y_train)\n",
    "    \n",
    "    return classifier"
   ]
  },
  {
   "cell_type": "code",
   "execution_count": 63,
   "id": "c34747b2",
   "metadata": {},
   "outputs": [],
   "source": [
    "def predict_on_test_data(model,X_test):\n",
    "    y_pred = model.predict(X_test)\n",
    "    return y_pred"
   ]
  },
  {
   "cell_type": "code",
   "execution_count": 64,
   "id": "2087986e",
   "metadata": {},
   "outputs": [],
   "source": [
    "def predict_prob_on_test_data(model,X_test):\n",
    "    y_pred = model.predict_proba(X_test)\n",
    "    return y_pred"
   ]
  },
  {
   "cell_type": "code",
   "execution_count": 65,
   "id": "3ac32a7c",
   "metadata": {},
   "outputs": [],
   "source": [
    "def get_metrics(y_true, y_pred, y_pred_prob):\n",
    "    from sklearn.metrics import accuracy_score,precision_score,recall_score,log_loss\n",
    "    acc = accuracy_score(y_true, y_pred)\n",
    "    prec = precision_score(y_true, y_pred,average='micro')\n",
    "    recall = recall_score(y_true, y_pred,average='micro')\n",
    "    entropy = log_loss(y_true, y_pred_prob)\n",
    "    return {'accuracy': round(acc, 2), 'precision': round(prec, 2), 'recall': round(recall, 2), 'entropy': round(entropy, 2)}"
   ]
  },
  {
   "cell_type": "code",
   "execution_count": 66,
   "id": "f767837c",
   "metadata": {},
   "outputs": [],
   "source": [
    "def create_roc_auc_plot(clf, X_data, y_data):\n",
    "    import matplotlib.pyplot as plt\n",
    "    from sklearn import metrics\n",
    "    metrics.plot_roc_curve(clf, X_data, y_data) \n",
    "    plt.savefig('roc_auc_curve.png')"
   ]
  },
  {
   "cell_type": "code",
   "execution_count": 67,
   "id": "83ae255b",
   "metadata": {},
   "outputs": [],
   "source": [
    "def create_confusion_matrix_plot(clf, X_test, y_test):\n",
    "    import matplotlib.pyplot as plt\n",
    "    from sklearn.metrics import plot_confusion_matrix\n",
    "    plot_confusion_matrix(clf, X_test, y_test)\n",
    "    plt.savefig('confusion_matrix.png')"
   ]
  },
  {
   "cell_type": "markdown",
   "id": "0b696d16",
   "metadata": {},
   "source": [
    "### Start calling above functions one by one and see the output"
   ]
  },
  {
   "cell_type": "markdown",
   "id": "bf35cdd5",
   "metadata": {},
   "source": [
    "**Data Loading**"
   ]
  },
  {
   "cell_type": "code",
   "execution_count": 68,
   "id": "c828739b",
   "metadata": {},
   "outputs": [
    {
     "data": {
      "text/html": [
       "<div>\n",
       "<style scoped>\n",
       "    .dataframe tbody tr th:only-of-type {\n",
       "        vertical-align: middle;\n",
       "    }\n",
       "\n",
       "    .dataframe tbody tr th {\n",
       "        vertical-align: top;\n",
       "    }\n",
       "\n",
       "    .dataframe thead th {\n",
       "        text-align: right;\n",
       "    }\n",
       "</style>\n",
       "<table border=\"1\" class=\"dataframe\">\n",
       "  <thead>\n",
       "    <tr style=\"text-align: right;\">\n",
       "      <th></th>\n",
       "      <th>sepal_length</th>\n",
       "      <th>sepal_width</th>\n",
       "      <th>petal_length</th>\n",
       "      <th>petal_width</th>\n",
       "      <th>class</th>\n",
       "    </tr>\n",
       "  </thead>\n",
       "  <tbody>\n",
       "    <tr>\n",
       "      <th>0</th>\n",
       "      <td>5.1</td>\n",
       "      <td>3.5</td>\n",
       "      <td>1.4</td>\n",
       "      <td>0.2</td>\n",
       "      <td>Iris-setosa</td>\n",
       "    </tr>\n",
       "    <tr>\n",
       "      <th>1</th>\n",
       "      <td>4.9</td>\n",
       "      <td>3.0</td>\n",
       "      <td>1.4</td>\n",
       "      <td>0.2</td>\n",
       "      <td>Iris-setosa</td>\n",
       "    </tr>\n",
       "    <tr>\n",
       "      <th>2</th>\n",
       "      <td>4.7</td>\n",
       "      <td>3.2</td>\n",
       "      <td>1.3</td>\n",
       "      <td>0.2</td>\n",
       "      <td>Iris-setosa</td>\n",
       "    </tr>\n",
       "    <tr>\n",
       "      <th>3</th>\n",
       "      <td>4.6</td>\n",
       "      <td>3.1</td>\n",
       "      <td>1.5</td>\n",
       "      <td>0.2</td>\n",
       "      <td>Iris-setosa</td>\n",
       "    </tr>\n",
       "    <tr>\n",
       "      <th>4</th>\n",
       "      <td>5.0</td>\n",
       "      <td>3.6</td>\n",
       "      <td>1.4</td>\n",
       "      <td>0.2</td>\n",
       "      <td>Iris-setosa</td>\n",
       "    </tr>\n",
       "  </tbody>\n",
       "</table>\n",
       "</div>"
      ],
      "text/plain": [
       "   sepal_length  sepal_width  petal_length  petal_width        class\n",
       "0           5.1          3.5           1.4          0.2  Iris-setosa\n",
       "1           4.9          3.0           1.4          0.2  Iris-setosa\n",
       "2           4.7          3.2           1.3          0.2  Iris-setosa\n",
       "3           4.6          3.1           1.5          0.2  Iris-setosa\n",
       "4           5.0          3.6           1.4          0.2  Iris-setosa"
      ]
     },
     "execution_count": 68,
     "metadata": {},
     "output_type": "execute_result"
    }
   ],
   "source": [
    "url = 'http://archive.ics.uci.edu/ml/machine-learning-databases/iris/iris.data'\n",
    "data = load_data(url)\n",
    "data.head()"
   ]
  },
  {
   "cell_type": "markdown",
   "id": "1c8c56ed",
   "metadata": {},
   "source": [
    "**Train-Test Split**"
   ]
  },
  {
   "cell_type": "code",
   "execution_count": 70,
   "id": "31cc680a",
   "metadata": {},
   "outputs": [],
   "source": [
    "target_column = 'class'\n",
    "X_train, X_test, y_train, y_test = train_test_split(data, target_column)"
   ]
  },
  {
   "cell_type": "code",
   "execution_count": 71,
   "id": "875b89a6",
   "metadata": {},
   "outputs": [
    {
     "data": {
      "text/html": [
       "<div>\n",
       "<style scoped>\n",
       "    .dataframe tbody tr th:only-of-type {\n",
       "        vertical-align: middle;\n",
       "    }\n",
       "\n",
       "    .dataframe tbody tr th {\n",
       "        vertical-align: top;\n",
       "    }\n",
       "\n",
       "    .dataframe thead th {\n",
       "        text-align: right;\n",
       "    }\n",
       "</style>\n",
       "<table border=\"1\" class=\"dataframe\">\n",
       "  <thead>\n",
       "    <tr style=\"text-align: right;\">\n",
       "      <th></th>\n",
       "      <th>sepal_length</th>\n",
       "      <th>sepal_width</th>\n",
       "      <th>petal_length</th>\n",
       "      <th>petal_width</th>\n",
       "    </tr>\n",
       "  </thead>\n",
       "  <tbody>\n",
       "    <tr>\n",
       "      <th>26</th>\n",
       "      <td>5.0</td>\n",
       "      <td>3.4</td>\n",
       "      <td>1.6</td>\n",
       "      <td>0.4</td>\n",
       "    </tr>\n",
       "    <tr>\n",
       "      <th>41</th>\n",
       "      <td>4.5</td>\n",
       "      <td>2.3</td>\n",
       "      <td>1.3</td>\n",
       "      <td>0.3</td>\n",
       "    </tr>\n",
       "    <tr>\n",
       "      <th>49</th>\n",
       "      <td>5.0</td>\n",
       "      <td>3.3</td>\n",
       "      <td>1.4</td>\n",
       "      <td>0.2</td>\n",
       "    </tr>\n",
       "    <tr>\n",
       "      <th>44</th>\n",
       "      <td>5.1</td>\n",
       "      <td>3.8</td>\n",
       "      <td>1.9</td>\n",
       "      <td>0.4</td>\n",
       "    </tr>\n",
       "    <tr>\n",
       "      <th>141</th>\n",
       "      <td>6.9</td>\n",
       "      <td>3.1</td>\n",
       "      <td>5.1</td>\n",
       "      <td>2.3</td>\n",
       "    </tr>\n",
       "  </tbody>\n",
       "</table>\n",
       "</div>"
      ],
      "text/plain": [
       "     sepal_length  sepal_width  petal_length  petal_width\n",
       "26            5.0          3.4           1.6          0.4\n",
       "41            4.5          2.3           1.3          0.3\n",
       "49            5.0          3.3           1.4          0.2\n",
       "44            5.1          3.8           1.9          0.4\n",
       "141           6.9          3.1           5.1          2.3"
      ]
     },
     "execution_count": 71,
     "metadata": {},
     "output_type": "execute_result"
    }
   ],
   "source": [
    "X_test.head()"
   ]
  },
  {
   "cell_type": "markdown",
   "id": "4d214353",
   "metadata": {},
   "source": [
    "**Model Training** (Basic classifier, as here idea is not to create the best model however focus is on MLFlow model serving)"
   ]
  },
  {
   "cell_type": "code",
   "execution_count": 72,
   "id": "503cd606",
   "metadata": {},
   "outputs": [
    {
     "name": "stderr",
     "output_type": "stream",
     "text": [
      "C:\\Users\\hp\\anaconda3\\envs\\mlflow\\lib\\site-packages\\sklearn\\utils\\validation.py:1143: DataConversionWarning: A column-vector y was passed when a 1d array was expected. Please change the shape of y to (n_samples, ), for example using ravel().\n",
      "  y = column_or_1d(y, warn=True)\n",
      "C:\\Users\\hp\\anaconda3\\envs\\mlflow\\lib\\site-packages\\sklearn\\linear_model\\_logistic.py:458: ConvergenceWarning: lbfgs failed to converge (status=1):\n",
      "STOP: TOTAL NO. of ITERATIONS REACHED LIMIT.\n",
      "\n",
      "Increase the number of iterations (max_iter) or scale the data as shown in:\n",
      "    https://scikit-learn.org/stable/modules/preprocessing.html\n",
      "Please also refer to the documentation for alternative solver options:\n",
      "    https://scikit-learn.org/stable/modules/linear_model.html#logistic-regression\n",
      "  n_iter_i = _check_optimize_result(\n"
     ]
    }
   ],
   "source": [
    "model = training_basic_classifier(X_train,y_train)"
   ]
  },
  {
   "cell_type": "markdown",
   "id": "3b8ddc26",
   "metadata": {},
   "source": [
    "**See the prediction outcome**"
   ]
  },
  {
   "cell_type": "code",
   "execution_count": 73,
   "id": "11b650dc",
   "metadata": {
    "scrolled": true
   },
   "outputs": [
    {
     "name": "stdout",
     "output_type": "stream",
     "text": [
      "['Iris-setosa' 'Iris-setosa' 'Iris-setosa' 'Iris-setosa' 'Iris-virginica'\n",
      " 'Iris-virginica' 'Iris-versicolor' 'Iris-virginica' 'Iris-versicolor'\n",
      " 'Iris-versicolor' 'Iris-virginica' 'Iris-versicolor' 'Iris-virginica'\n",
      " 'Iris-setosa' 'Iris-setosa' 'Iris-virginica' 'Iris-setosa'\n",
      " 'Iris-versicolor' 'Iris-versicolor' 'Iris-versicolor' 'Iris-versicolor'\n",
      " 'Iris-virginica' 'Iris-virginica' 'Iris-setosa' 'Iris-setosa'\n",
      " 'Iris-virginica' 'Iris-versicolor' 'Iris-setosa' 'Iris-versicolor'\n",
      " 'Iris-virginica' 'Iris-setosa' 'Iris-virginica' 'Iris-setosa'\n",
      " 'Iris-setosa' 'Iris-setosa' 'Iris-setosa' 'Iris-virginica'\n",
      " 'Iris-virginica' 'Iris-virginica' 'Iris-versicolor' 'Iris-versicolor'\n",
      " 'Iris-virginica' 'Iris-virginica' 'Iris-versicolor' 'Iris-versicolor']\n",
      "[[9.60709891e-01 3.92891099e-02 9.98775369e-07]\n",
      " [9.34702321e-01 6.52970795e-02 5.99766637e-07]\n",
      " [9.70974201e-01 2.90255406e-02 2.58846339e-07]\n",
      " [9.54953638e-01 4.50438801e-02 2.48162568e-06]\n",
      " [1.74814196e-04 1.07986007e-01 8.91839178e-01]\n",
      " [1.59415651e-05 8.15768637e-02 9.18407195e-01]\n",
      " [3.57054961e-03 7.13593558e-01 2.82835892e-01]\n",
      " [4.31197422e-04 1.90652822e-01 8.08915981e-01]\n",
      " [8.32143872e-03 8.65320104e-01 1.26358457e-01]\n",
      " [1.95079653e-02 8.41162341e-01 1.39329693e-01]\n",
      " [2.92678302e-05 4.04385826e-02 9.59532150e-01]\n",
      " [7.76934689e-03 8.63228926e-01 1.29001727e-01]\n",
      " [7.45334258e-04 3.66638006e-01 6.32616660e-01]\n",
      " [9.67661119e-01 3.23385348e-02 3.46567528e-07]\n",
      " [9.77115215e-01 2.28845881e-02 1.96720088e-07]\n",
      " [1.69575726e-07 8.50650585e-03 9.91493325e-01]\n",
      " [9.59223181e-01 4.07764633e-02 3.55762020e-07]\n",
      " [1.76335525e-03 6.28534204e-01 3.69702441e-01]\n",
      " [1.09480264e-02 7.09626216e-01 2.79425758e-01]\n",
      " [7.39477190e-03 7.51539168e-01 2.41066061e-01]\n",
      " [1.24094281e-02 6.89949992e-01 2.97640580e-01]\n",
      " [4.05347765e-04 2.83006436e-01 7.16588216e-01]\n",
      " [1.39494255e-04 2.39832422e-01 7.60028084e-01]\n",
      " [9.68945635e-01 3.10540034e-02 3.61156078e-07]\n",
      " [9.39849568e-01 6.01480473e-02 2.38451457e-06]\n",
      " [5.86432290e-06 1.59293746e-02 9.84064761e-01]\n",
      " [6.49298582e-04 5.19546083e-01 4.79804619e-01]\n",
      " [9.75253386e-01 2.47463549e-02 2.58983192e-07]\n",
      " [1.83976674e-03 7.42295684e-01 2.55864550e-01]\n",
      " [9.33738753e-04 4.20267048e-01 5.78799214e-01]\n",
      " [9.76406951e-01 2.35926836e-02 3.65748018e-07]\n",
      " [8.57318025e-05 3.81479781e-02 9.61766290e-01]\n",
      " [9.85829367e-01 1.41704709e-02 1.62021398e-07]\n",
      " [9.81002970e-01 1.89967574e-02 2.72291000e-07]\n",
      " [9.64717335e-01 3.52810928e-02 1.57251227e-06]\n",
      " [9.61547772e-01 3.84517686e-02 4.59753436e-07]\n",
      " [1.39834461e-05 2.68079599e-02 9.73178057e-01]\n",
      " [7.56972364e-04 2.31718278e-01 7.67524750e-01]\n",
      " [1.56824726e-05 2.44320614e-02 9.75552256e-01]\n",
      " [2.55426535e-02 9.01565401e-01 7.28919457e-02]\n",
      " [4.40211633e-02 8.86390803e-01 6.95880336e-02]\n",
      " [2.31673940e-06 3.06974300e-02 9.69300253e-01]\n",
      " [4.09817706e-05 1.45972880e-01 8.53986138e-01]\n",
      " [2.12569882e-02 9.38015444e-01 4.07275680e-02]\n",
      " [3.96495532e-02 9.47658235e-01 1.26922114e-02]]\n"
     ]
    }
   ],
   "source": [
    "y_pred = predict_on_test_data(model,X_test)\n",
    "print(y_pred)\n",
    "y_pred_prob = predict_prob_on_test_data(model,X_test)\n",
    "print(y_pred_prob)"
   ]
  },
  {
   "cell_type": "markdown",
   "id": "8ac3d8ab",
   "metadata": {},
   "source": [
    "**print some metrics**"
   ]
  },
  {
   "cell_type": "code",
   "execution_count": 74,
   "id": "12c013fa",
   "metadata": {},
   "outputs": [],
   "source": [
    "run_metrics = get_metrics(y_test, y_pred, y_pred_prob)"
   ]
  },
  {
   "cell_type": "code",
   "execution_count": 75,
   "id": "472e4c77",
   "metadata": {},
   "outputs": [
    {
     "data": {
      "text/plain": [
       "{'accuracy': 0.93, 'precision': 0.93, 'recall': 0.93, 'entropy': 0.17}"
      ]
     },
     "execution_count": 75,
     "metadata": {},
     "output_type": "execute_result"
    }
   ],
   "source": [
    "run_metrics"
   ]
  },
  {
   "cell_type": "markdown",
   "id": "034ad9f6",
   "metadata": {},
   "source": [
    "**Generate Confusion Matrix**"
   ]
  },
  {
   "cell_type": "code",
   "execution_count": 76,
   "id": "90ca5866",
   "metadata": {},
   "outputs": [],
   "source": [
    "# create_confusion_matrix_plot(model, X_test, y_test)"
   ]
  },
  {
   "cell_type": "markdown",
   "id": "6d82507c",
   "metadata": {},
   "source": [
    "### Define create_experiment function to track your model experiment within MLFlow"
   ]
  },
  {
   "cell_type": "code",
   "execution_count": 77,
   "id": "ecf5d174",
   "metadata": {},
   "outputs": [],
   "source": [
    "def create_experiment(experiment_name,run_name, run_metrics,model, confusion_matrix_path = None, \n",
    "                      roc_auc_plot_path = None, run_params=None):\n",
    "    import mlflow\n",
    "    mlflow.set_tracking_uri(\"http://localhost:5000\") \n",
    "    #use above line if you want to use any database like sqlite as backend storage for model else comment this line\n",
    "    mlflow.set_experiment(experiment_name)\n",
    "    \n",
    "    with mlflow.start_run(run_name=run_name):\n",
    "        \n",
    "        if not run_params == None:\n",
    "            for param in run_params:\n",
    "                mlflow.log_param(param, run_params[param])\n",
    "            \n",
    "        for metric in run_metrics:\n",
    "            mlflow.log_metric(metric, run_metrics[metric])\n",
    "        \n",
    "        \n",
    "        \n",
    "#         if not confusion_matrix_path == None:\n",
    "#             mlflow.log_artifact(confusion_matrix_path, 'confusion_materix')\n",
    "            \n",
    "#         if not roc_auc_plot_path == None:\n",
    "#             mlflow.log_artifact(roc_auc_plot_path, \"roc_auc_plot\")\n",
    "        \n",
    "        mlflow.set_tag(\"tag1\", \"Iris Classifier\")\n",
    "        mlflow.set_tags({\"tag2\":\"Logistic Regression\", \"tag3\":\"Multiclassification using Ovr - One vs rest class\"})\n",
    "        mlflow.sklearn.log_model(model, \"model\")\n",
    "    print('Run - %s is logged to Experiment - %s' %(run_name, experiment_name))"
   ]
  },
  {
   "cell_type": "markdown",
   "id": "2655b4b7",
   "metadata": {},
   "source": [
    "### Start Mlflow server"
   ]
  },
  {
   "cell_type": "markdown",
   "id": "4bfc4eac",
   "metadata": {},
   "source": [
    "**Prefer to run it from command line**\n",
    "\n",
    "`mlflow ui` This will launch mlflow UI in the browser and you can access it using `localhost:5000` but this uses file as backend to store experiments and model artifacts. It does not support model registry functionality. \n",
    "\n",
    "To use model registry, you need to have some backend database other than the file system. Ex mysql, sqlite or any other DB mentioned in mlflow docs under backend storage. Refer: https://www.mlflow.org/docs/latest/tracking.html?highlight=scenario#how-runs-and-artifacts-are-recorded\n",
    "\n",
    "#### In this tutorial , we will use sqlite as backend, so Now run this command to start mlflow with backend.\n",
    "`mlflow server --backend-store-uri sqlite:///mlflow.db --default-artifact-root ./artifacts --host 0.0.0.0 --port 5000`"
   ]
  },
  {
   "cell_type": "markdown",
   "id": "62d1f5ec",
   "metadata": {},
   "source": [
    "**Execute the create_experiment function and log experiment**"
   ]
  },
  {
   "cell_type": "code",
   "execution_count": 78,
   "id": "41ed320e",
   "metadata": {},
   "outputs": [
    {
     "name": "stderr",
     "output_type": "stream",
     "text": [
      "2023/02/06 17:47:45 INFO mlflow.tracking.fluent: Experiment with name 'iris_classifier_06-02-23' does not exist. Creating a new experiment.\n"
     ]
    },
    {
     "name": "stdout",
     "output_type": "stream",
     "text": [
      "Run - iris_classifier_06-02-23 is logged to Experiment - iris_classifier_06-02-23\n"
     ]
    }
   ],
   "source": [
    "from datetime import datetime\n",
    "experiment_name = \"iris_classifier_\"+ str(datetime.now().strftime(\"%d-%m-%y\")) ##basic classifier\n",
    "run_name=\"iris_classifier_\"+str(datetime.now().strftime(\"%d-%m-%y\"))\n",
    "create_experiment(experiment_name,run_name,run_metrics,model,'confusion_matrix.png')"
   ]
  },
  {
   "cell_type": "code",
   "execution_count": 79,
   "id": "35482d4f",
   "metadata": {},
   "outputs": [
    {
     "data": {
      "text/plain": [
       "array(['Iris-setosa', 'Iris-setosa', 'Iris-setosa', 'Iris-setosa',\n",
       "       'Iris-virginica', 'Iris-virginica', 'Iris-versicolor',\n",
       "       'Iris-virginica', 'Iris-versicolor', 'Iris-versicolor',\n",
       "       'Iris-virginica', 'Iris-versicolor', 'Iris-virginica',\n",
       "       'Iris-setosa', 'Iris-setosa', 'Iris-virginica', 'Iris-setosa',\n",
       "       'Iris-versicolor', 'Iris-versicolor', 'Iris-versicolor',\n",
       "       'Iris-versicolor', 'Iris-virginica', 'Iris-virginica',\n",
       "       'Iris-setosa', 'Iris-setosa', 'Iris-virginica', 'Iris-versicolor',\n",
       "       'Iris-setosa', 'Iris-versicolor', 'Iris-virginica', 'Iris-setosa',\n",
       "       'Iris-virginica', 'Iris-setosa', 'Iris-setosa', 'Iris-setosa',\n",
       "       'Iris-setosa', 'Iris-virginica', 'Iris-virginica',\n",
       "       'Iris-virginica', 'Iris-versicolor', 'Iris-versicolor',\n",
       "       'Iris-virginica', 'Iris-virginica', 'Iris-versicolor',\n",
       "       'Iris-versicolor'], dtype=object)"
      ]
     },
     "execution_count": 79,
     "metadata": {},
     "output_type": "execute_result"
    }
   ],
   "source": [
    "import mlflow\n",
    "logged_model = 'runs:/ca730ce1059e45bdb8119cf23be85fa1/model'\n",
    "\n",
    "# Load model as a PyFuncModel.\n",
    "loaded_model = mlflow.pyfunc.load_model(logged_model)\n",
    "\n",
    "# Predict on a Pandas DataFrame.\n",
    "import pandas as pd\n",
    "loaded_model.predict(pd.DataFrame(X_test))"
   ]
  },
  {
   "cell_type": "markdown",
   "id": "8fdd29ef",
   "metadata": {},
   "source": [
    "**Open http://localhost:5000 in the browser, here you will find the recorded experiment**"
   ]
  },
  {
   "cell_type": "markdown",
   "id": "a81bd8e1",
   "metadata": {},
   "source": [
    "### Adding an MLflow Model to the Model Registry\n",
    "Reference: https://www.mlflow.org/docs/latest/model-registry.html\n",
    "\n",
    "There are three programmatic ways to add a model to the registry. \n",
    "First, you can use the mlflow.<model_flavor>.log_model() method. \n",
    "For example, in your code:"
   ]
  },
  {
   "cell_type": "markdown",
   "id": "9a42d321",
   "metadata": {},
   "source": [
    "#### Method 1"
   ]
  },
  {
   "cell_type": "code",
   "execution_count": 28,
   "id": "68bb75a9",
   "metadata": {},
   "outputs": [],
   "source": [
    "def create_exp_and_register_model(experiment_name,run_name,run_metrics,model,confusion_matrix_path = None, \n",
    "                      roc_auc_plot_path = None, run_params=None):\n",
    "    mlflow.set_tracking_uri(\"http://localhost:5000\") \n",
    "    #use above line if you want to use any database like sqlite as backend storage for model else comment this line\n",
    "    mlflow.set_experiment(experiment_name)\n",
    "    with mlflow.start_run(run_name=run_name) as run:\n",
    "        if not run_params == None:\n",
    "            for param in run_params:\n",
    "                mlflow.log_param(param, run_params[param])\n",
    "            \n",
    "        for metric in run_metrics:\n",
    "            mlflow.log_metric(metric, run_metrics[metric])\n",
    "        \n",
    "#         if not confusion_matrix_path == None:\n",
    "#             mlflow.log_artifact(confusion_matrix_path, 'confusion_materix')\n",
    "            \n",
    "#         if not roc_auc_plot_path == None:\n",
    "#             mlflow.log_artifact(roc_auc_plot_path, \"roc_auc_plot\")\n",
    "        \n",
    "        mlflow.set_tag(\"tag1\", \"Random Forest\")\n",
    "        mlflow.set_tags({\"tag2\":\"Randomized Search CV\", \"tag3\":\"Production\"})\n",
    "        mlflow.sklearn.log_model(model, \"model\",registered_model_name=\"iris-classifier\")"
   ]
  },
  {
   "cell_type": "markdown",
   "id": "618f1afa",
   "metadata": {},
   "source": [
    "In the above code snippet, if a registered model with the name doesn’t exist, the method registers a new model and creates Version 1. If a registered model with the name exists, the method creates a new model version."
   ]
  },
  {
   "cell_type": "code",
   "execution_count": 29,
   "id": "24ad6273",
   "metadata": {},
   "outputs": [
    {
     "name": "stderr",
     "output_type": "stream",
     "text": [
      "2023/02/03 19:44:01 INFO mlflow.tracking.fluent: Experiment with name 'iris_classifier_method-1' does not exist. Creating a new experiment.\n",
      "Successfully registered model 'iris-classifier'.\n",
      "2023/02/03 19:44:12 INFO mlflow.tracking._model_registry.client: Waiting up to 300 seconds for model version to finish creation.                     Model name: iris-classifier, version 1\n",
      "Created version '1' of model 'iris-classifier'.\n"
     ]
    }
   ],
   "source": [
    "experiment_name = \"iris_classifier_method-1\" #+ str(datetime.now().strftime(\"%d-%m-%y\")) ##basic classifier\n",
    "run_name=\"iris_classifier_method-1\" #+str(datetime.now().strftime(\"%d-%m-%y\"))\n",
    "create_exp_and_register_model(experiment_name,run_name,run_metrics,model,'confusion_matrix.png')"
   ]
  },
  {
   "cell_type": "markdown",
   "id": "3c529fd0",
   "metadata": {},
   "source": [
    "#### Method 2\n",
    "The second way is to use the mlflow.register_model() method, after all your experiment runs complete and when you have decided which model is most suitable to add to the registry. For this method, you will need the run_id as part of the runs:URI argument."
   ]
  },
  {
   "cell_type": "code",
   "execution_count": 80,
   "id": "3d0ebaec",
   "metadata": {},
   "outputs": [
    {
     "name": "stderr",
     "output_type": "stream",
     "text": [
      "Successfully registered model 'iris-classifier-5'.\n",
      "2023/02/06 17:51:25 INFO mlflow.tracking._model_registry.client: Waiting up to 300 seconds for model version to finish creation.                     Model name: iris-classifier-5, version 1\n",
      "Created version '1' of model 'iris-classifier-5'.\n"
     ]
    }
   ],
   "source": [
    "import mlflow\n",
    "with mlflow.start_run(run_name=run_name) as run:\n",
    "    result = mlflow.register_model(\n",
    "        \"runs:/ca730ce1059e45bdb8119cf23be85fa1/model\",\n",
    "        \"iris-classifier-5\"\n",
    "    )"
   ]
  },
  {
   "cell_type": "markdown",
   "id": "0b4e2391",
   "metadata": {},
   "source": [
    "If a registered model with the name doesn’t exist, the method registers a new model, creates Version 1, and returns a ModelVersion MLflow object. If a registered model with the name exists, the method creates a new model version and returns the version object."
   ]
  },
  {
   "cell_type": "markdown",
   "id": "06c2c8cb",
   "metadata": {},
   "source": [
    "#### Method 3\n",
    "And finally, you can use the create_registered_model() to create a new registered model. If the model name exists, this method will throw an MlflowException because creating a new registered model requires a unique name."
   ]
  },
  {
   "cell_type": "code",
   "execution_count": 31,
   "id": "31c47093",
   "metadata": {},
   "outputs": [
    {
     "data": {
      "text/plain": [
       "<RegisteredModel: creation_timestamp=1675433960652, description='', last_updated_timestamp=1675433960652, latest_versions=[], name='basic-classifier-method-3', tags={}>"
      ]
     },
     "execution_count": 31,
     "metadata": {},
     "output_type": "execute_result"
    }
   ],
   "source": [
    "import mlflow\n",
    "client = mlflow.tracking.MlflowClient()\n",
    "client.create_registered_model(\"basic-classifier-method-3\")\n",
    "\n",
    "#While the method above creates an empty registered model with no version associated, "
   ]
  },
  {
   "cell_type": "code",
   "execution_count": 32,
   "id": "d1f8f979",
   "metadata": {},
   "outputs": [
    {
     "name": "stderr",
     "output_type": "stream",
     "text": [
      "2023/02/03 19:49:58 INFO mlflow.tracking._model_registry.client: Waiting up to 300 seconds for model version to finish creation.                     Model name: basic-classifier-method-3, version 1\n"
     ]
    }
   ],
   "source": [
    "#the method below creates a new version of the model.\n",
    "client = mlflow.tracking.MlflowClient()\n",
    "result = client.create_model_version(\n",
    "    name=\"basic-classifier-method-3\",\n",
    "    source=\"5e796eff85164b10915e981adf60d111/artifacts/model\",\n",
    "    run_id=\"5e796eff85164b10915e981adf60d111\"\n",
    ")"
   ]
  },
  {
   "cell_type": "markdown",
   "id": "3907f50f",
   "metadata": {},
   "source": [
    "### Fetching an MLflow Model from the Model Registry"
   ]
  },
  {
   "cell_type": "markdown",
   "id": "c0869a7d",
   "metadata": {},
   "source": [
    "**Fetch a specific model version**"
   ]
  },
  {
   "cell_type": "code",
   "execution_count": 81,
   "id": "a9032612",
   "metadata": {
    "scrolled": true
   },
   "outputs": [
    {
     "name": "stdout",
     "output_type": "stream",
     "text": [
      "['Iris-setosa' 'Iris-setosa' 'Iris-setosa' 'Iris-setosa' 'Iris-virginica'\n",
      " 'Iris-virginica' 'Iris-versicolor' 'Iris-virginica' 'Iris-versicolor'\n",
      " 'Iris-versicolor' 'Iris-virginica' 'Iris-versicolor' 'Iris-virginica'\n",
      " 'Iris-setosa' 'Iris-setosa' 'Iris-virginica' 'Iris-setosa'\n",
      " 'Iris-versicolor' 'Iris-versicolor' 'Iris-versicolor' 'Iris-versicolor'\n",
      " 'Iris-virginica' 'Iris-virginica' 'Iris-setosa' 'Iris-setosa'\n",
      " 'Iris-virginica' 'Iris-versicolor' 'Iris-setosa' 'Iris-versicolor'\n",
      " 'Iris-virginica' 'Iris-setosa' 'Iris-virginica' 'Iris-setosa'\n",
      " 'Iris-setosa' 'Iris-setosa' 'Iris-setosa' 'Iris-virginica'\n",
      " 'Iris-virginica' 'Iris-virginica' 'Iris-versicolor' 'Iris-versicolor'\n",
      " 'Iris-virginica' 'Iris-virginica' 'Iris-versicolor' 'Iris-versicolor']\n",
      "[[9.60709891e-01 3.92891099e-02 9.98775369e-07]\n",
      " [9.34702321e-01 6.52970795e-02 5.99766637e-07]\n",
      " [9.70974201e-01 2.90255406e-02 2.58846339e-07]\n",
      " [9.54953638e-01 4.50438801e-02 2.48162568e-06]\n",
      " [1.74814196e-04 1.07986007e-01 8.91839178e-01]\n",
      " [1.59415651e-05 8.15768637e-02 9.18407195e-01]\n",
      " [3.57054961e-03 7.13593558e-01 2.82835892e-01]\n",
      " [4.31197422e-04 1.90652822e-01 8.08915981e-01]\n",
      " [8.32143872e-03 8.65320104e-01 1.26358457e-01]\n",
      " [1.95079653e-02 8.41162341e-01 1.39329693e-01]\n",
      " [2.92678302e-05 4.04385826e-02 9.59532150e-01]\n",
      " [7.76934689e-03 8.63228926e-01 1.29001727e-01]\n",
      " [7.45334258e-04 3.66638006e-01 6.32616660e-01]\n",
      " [9.67661119e-01 3.23385348e-02 3.46567528e-07]\n",
      " [9.77115215e-01 2.28845881e-02 1.96720088e-07]\n",
      " [1.69575726e-07 8.50650585e-03 9.91493325e-01]\n",
      " [9.59223181e-01 4.07764633e-02 3.55762020e-07]\n",
      " [1.76335525e-03 6.28534204e-01 3.69702441e-01]\n",
      " [1.09480264e-02 7.09626216e-01 2.79425758e-01]\n",
      " [7.39477190e-03 7.51539168e-01 2.41066061e-01]\n",
      " [1.24094281e-02 6.89949992e-01 2.97640580e-01]\n",
      " [4.05347765e-04 2.83006436e-01 7.16588216e-01]\n",
      " [1.39494255e-04 2.39832422e-01 7.60028084e-01]\n",
      " [9.68945635e-01 3.10540034e-02 3.61156078e-07]\n",
      " [9.39849568e-01 6.01480473e-02 2.38451457e-06]\n",
      " [5.86432290e-06 1.59293746e-02 9.84064761e-01]\n",
      " [6.49298582e-04 5.19546083e-01 4.79804619e-01]\n",
      " [9.75253386e-01 2.47463549e-02 2.58983192e-07]\n",
      " [1.83976674e-03 7.42295684e-01 2.55864550e-01]\n",
      " [9.33738753e-04 4.20267048e-01 5.78799214e-01]\n",
      " [9.76406951e-01 2.35926836e-02 3.65748018e-07]\n",
      " [8.57318025e-05 3.81479781e-02 9.61766290e-01]\n",
      " [9.85829367e-01 1.41704709e-02 1.62021398e-07]\n",
      " [9.81002970e-01 1.89967574e-02 2.72291000e-07]\n",
      " [9.64717335e-01 3.52810928e-02 1.57251227e-06]\n",
      " [9.61547772e-01 3.84517686e-02 4.59753436e-07]\n",
      " [1.39834461e-05 2.68079599e-02 9.73178057e-01]\n",
      " [7.56972364e-04 2.31718278e-01 7.67524750e-01]\n",
      " [1.56824726e-05 2.44320614e-02 9.75552256e-01]\n",
      " [2.55426535e-02 9.01565401e-01 7.28919457e-02]\n",
      " [4.40211633e-02 8.86390803e-01 6.95880336e-02]\n",
      " [2.31673940e-06 3.06974300e-02 9.69300253e-01]\n",
      " [4.09817706e-05 1.45972880e-01 8.53986138e-01]\n",
      " [2.12569882e-02 9.38015444e-01 4.07275680e-02]\n",
      " [3.96495532e-02 9.47658235e-01 1.26922114e-02]]\n"
     ]
    }
   ],
   "source": [
    "import mlflow.pyfunc\n",
    "\n",
    "model_name = \"iris-classifier-5\"\n",
    "model_version = 1\n",
    "\n",
    "model = mlflow.pyfunc.load_model(\n",
    "    model_uri=f\"models:/{model_name}/{model_version}\"\n",
    ")\n",
    "\n",
    "y_pred = model.predict(X_test)\n",
    "print(y_pred)\n",
    "\n",
    "sklearn_model = mlflow.sklearn.load_model(\n",
    "    model_uri=f\"models:/{model_name}/{model_version}\"\n",
    ")\n",
    "y_pred_prob = sklearn_model.predict_proba(X_test)\n",
    "print(y_pred_prob)"
   ]
  },
  {
   "cell_type": "markdown",
   "id": "d498465d",
   "metadata": {},
   "source": [
    "**Fetch the latest model version in a specific stage**\n",
    "\n",
    "To fetch a model version by stage, simply provide the model stage as part of the model URI, and it will fetch the most recent version of the model in that stage."
   ]
  },
  {
   "cell_type": "markdown",
   "id": "f66a1fbf",
   "metadata": {},
   "source": [
    "#### Transitioning an MLflow Model’s Stage"
   ]
  },
  {
   "cell_type": "code",
   "execution_count": 82,
   "id": "36d41ae0",
   "metadata": {
    "scrolled": true
   },
   "outputs": [
    {
     "data": {
      "text/plain": [
       "<ModelVersion: creation_timestamp=1675686085330, current_stage='Production', description='', last_updated_timestamp=1675686216203, name='iris-classifier-5', run_id='ca730ce1059e45bdb8119cf23be85fa1', run_link='', source='./artifacts/5/ca730ce1059e45bdb8119cf23be85fa1/artifacts/model', status='READY', status_message='', tags={}, user_id='', version='1'>"
      ]
     },
     "execution_count": 82,
     "metadata": {},
     "output_type": "execute_result"
    }
   ],
   "source": [
    "client = mlflow.tracking.MlflowClient()\n",
    "client.transition_model_version_stage(\n",
    "    name=\"iris-classifier-5\",\n",
    "    version=1,\n",
    "    stage=\"Production\"\n",
    ")"
   ]
  },
  {
   "cell_type": "code",
   "execution_count": 83,
   "id": "5bf497b2",
   "metadata": {},
   "outputs": [
    {
     "name": "stdout",
     "output_type": "stream",
     "text": [
      "['Iris-setosa' 'Iris-setosa' 'Iris-setosa' 'Iris-setosa' 'Iris-virginica'\n",
      " 'Iris-virginica' 'Iris-versicolor' 'Iris-virginica' 'Iris-versicolor'\n",
      " 'Iris-versicolor' 'Iris-virginica' 'Iris-versicolor' 'Iris-virginica'\n",
      " 'Iris-setosa' 'Iris-setosa' 'Iris-virginica' 'Iris-setosa'\n",
      " 'Iris-versicolor' 'Iris-versicolor' 'Iris-versicolor' 'Iris-versicolor'\n",
      " 'Iris-virginica' 'Iris-virginica' 'Iris-setosa' 'Iris-setosa'\n",
      " 'Iris-virginica' 'Iris-versicolor' 'Iris-setosa' 'Iris-versicolor'\n",
      " 'Iris-virginica' 'Iris-setosa' 'Iris-virginica' 'Iris-setosa'\n",
      " 'Iris-setosa' 'Iris-setosa' 'Iris-setosa' 'Iris-virginica'\n",
      " 'Iris-virginica' 'Iris-virginica' 'Iris-versicolor' 'Iris-versicolor'\n",
      " 'Iris-virginica' 'Iris-virginica' 'Iris-versicolor' 'Iris-versicolor']\n"
     ]
    }
   ],
   "source": [
    "import mlflow.pyfunc\n",
    "\n",
    "model_name = \"iris-classifier-5\"\n",
    "stage = 'Production'\n",
    "\n",
    "model = mlflow.pyfunc.load_model(\n",
    "    model_uri=f\"models:/{model_name}/{stage}\"\n",
    ")\n",
    "\n",
    "y_pred = model.predict(X_test)\n",
    "print(y_pred)"
   ]
  },
  {
   "cell_type": "code",
   "execution_count": 84,
   "id": "2a4d1f43",
   "metadata": {},
   "outputs": [
    {
     "name": "stdout",
     "output_type": "stream",
     "text": [
      "['Iris-virginica']\n",
      "[[2.92678302e-05 4.04385826e-02 9.59532150e-01]]\n"
     ]
    },
    {
     "name": "stderr",
     "output_type": "stream",
     "text": [
      "C:\\Users\\hp\\anaconda3\\envs\\mlflow\\lib\\site-packages\\sklearn\\base.py:420: UserWarning: X does not have valid feature names, but LogisticRegression was fitted with feature names\n",
      "  warnings.warn(\n",
      "C:\\Users\\hp\\anaconda3\\envs\\mlflow\\lib\\site-packages\\sklearn\\base.py:420: UserWarning: X does not have valid feature names, but LogisticRegression was fitted with feature names\n",
      "  warnings.warn(\n"
